35
228
204
233
52
48
224
205
202
102
172
115
114
122
246
234
34
111
96
207
142
185
128
33
189
118
165
209
28
114
158
82
113
24
254
147
185
210
103
237
41
165
73
18
97
90
145
218
115
251
28
20
19
84
244
48
134
185
211
114
214
139
1
216
214
99
60
12
198
132
95
44
216
235
86
236
213
75
85
239
56
246
7
193
107
64
55
127
121
48
69
169
85
108
0
52
128
140
150
78
6
17
7
65
127
145
117
210
35
150
222
67
181
37
57
82
241
1
50
72
115
184
43
91
63
189
7
32
62
13
16
129
198
223
53
67
105
70
88
114
8
134
243
192
100
218
129
193
254
75
